"sYNGEO_ID"	"begin"	"end"	"span"	"completeness"	"Origin"	"Longitude"	"Latitude"	"MAIN_BAS"	"Shape_Leng"	"Shape_Area"
"241"	2004	2013	10	1	"France"	5.165636186	47.0737	2080016510	28.0049163898	11.1973423797
"242"	2004	2013	10	1	"France"	4.946774568	46.51408	2080016510	28.0049163898	11.1973423797
"249"	2004	2013	10	0.9	"France"	5.018529049	46.94337	2080016510	28.0049163898	11.1973423797
"360"	2004	2013	10	0.8	"France"	5.917391454	47.84026	2080016510	28.0049163898	11.1973423797
"361"	2004	2013	10	0.8	"France"	5.550034885	47.2879	2080016510	28.0049163898	11.1973423797
"400"	2004	2013	10	0.9	"France"	4.597914602	44.28374	2080016510	28.0049163898	11.1973423797
"405"	2005	2013	9	1	"France"	3.938980208	44.07436	2080016510	28.0049163898	11.1973423797
"407"	2004	2013	10	1	"France"	4.211484813	44.25154	2080016510	28.0049163898	11.1973423797
"408"	2004	2013	10	1	"France"	3.75054294	44.17545	2080016510	28.0049163898	11.1973423797
"623"	2004	2013	10	1	"France"	6.334245081	44.61489	2080016510	28.0049163898	11.1973423797
"627"	2004	2013	10	0.9	"France"	5.618047763	43.6409	2080016510	28.0049163898	11.1973423797
"628"	2004	2013	10	1	"France"	5.364557167	43.71019	2080016510	28.0049163898	11.1973423797
"630"	2004	2013	10	0.9	"France"	4.622915558	43.67891	2080016510	28.0049163898	11.1973423797
"634"	2004	2013	10	1	"France"	4.916184633	43.88828	2080016510	28.0049163898	11.1973423797
"635"	2004	2013	10	1	"France"	6.275183589	44.26627	2080016510	28.0049163898	11.1973423797
"641"	2004	2013	10	0.8	"France"	5.964437451	44.03534	2080016510	28.0049163898	11.1973423797
"649"	2004	2013	10	1	"France"	5.754148025	45.36359	2080016510	28.0049163898	11.1973423797
"650"	2004	2013	10	1	"France"	5.554920123	45.09351	2080016510	28.0049163898	11.1973423797
"651"	2004	2013	10	1	"France"	4.546427802	46.18851	2080016510	28.0049163898	11.1973423797
"652"	2004	2013	10	1	"France"	4.728940626	45.94411	2080016510	28.0049163898	11.1973423797
"656"	2004	2013	10	0.8	"France"	5.212405908	45.81653	2080016510	28.0049163898	11.1973423797
"659"	2004	2013	10	1	"France"	4.615761495	45.23504	2080016510	28.0049163898	11.1973423797
"660"	2004	2013	10	1	"France"	5.088671483	45.81158	2080016510	28.0049163898	11.1973423797
"666"	2004	2013	10	1	"France"	4.780833767	45.58124	2080016510	28.0049163898	11.1973423797
"668"	2004	2013	10	1	"France"	5.376203494	45.03923	2080016510	28.0049163898	11.1973423797
"674"	2005	2013	9	1	"France"	5.548479468	45.71204	2080016510	28.0049163898	11.1973423797
"677"	2004	2013	10	0.9	"France"	5.195955296	46.25763	2080016510	28.0049163898	11.1973423797
"814"	2004	2013	10	1	"Spain"	-2.8913	42.90929	2080017150	25.0609017627	9.29154235916
"821"	2004	2013	10	1	"Spain"	-2.577459	42.86305	2080017150	25.0609017627	9.29154235916
"830"	2004	2013	10	1	"Spain"	-2.398154	42.69436	2080017150	25.0609017627	9.29154235916
"837"	2004	2013	10	0.9	"Spain"	-2.399256	42.8584	2080017150	25.0609017627	9.29154235916
"843"	2004	2013	10	1	"Spain"	-2.334549	42.67485	2080017150	25.0609017627	9.29154235916
"847"	2004	2013	10	1	"Spain"	-2.896588	42.677	2080017150	25.0609017627	9.29154235916
"856"	2004	2013	10	1	"Spain"	-3.049634	42.82513	2080017150	25.0609017627	9.29154235916
"870"	2004	2013	10	1	"Spain"	-3.045683	42.77704	2080017150	25.0609017627	9.29154235916
"872"	2004	2013	10	0.9	"Spain"	-3.175783	42.87399	2080017150	25.0609017627	9.29154235916
"873"	2004	2013	10	1	"Spain"	-2.26487	42.86955	2080017150	25.0609017627	9.29154235916
"878"	2004	2013	10	0.9	"Spain"	-2.84529	42.69162	2080017150	25.0609017627	9.29154235916
"879"	2004	2013	10	0.9	"Spain"	-2.498491	42.88558	2080017150	25.0609017627	9.29154235916
"880"	2004	2013	10	0.9	"Spain"	-3.068161	42.87408	2080017150	25.0609017627	9.29154235916
"175"	2004	2013	10	0.9	"France"	3.212008609	44.98365	2080020590	18.3162494052	6.29941034341
"406"	2004	2013	10	1	"France"	3.491412752	44.07533	2080020590	18.3162494052	6.29941034341
"414"	2004	2013	10	1	"France"	3.52518019	44.72055	2080020590	18.3162494052	6.29941034341
"501"	2004	2013	10	1	"France"	1.425225645	44.47406	2080020590	18.3162494052	6.29941034341
"502"	2004	2013	10	1	"France"	1.102034196	44.09135	2080020590	18.3162494052	6.29941034341
"503"	2004	2013	10	1	"France"	1.348029188	44.08287	2080020590	18.3162494052	6.29941034341
"506"	2004	2013	10	1	"France"	1.554753071	44.57065	2080020590	18.3162494052	6.29941034341
"507"	2004	2013	10	1	"France"	2.103950004	44.69982	2080020590	18.3162494052	6.29941034341
"508"	2004	2013	10	1	"France"	2.838236118	44.29637	2080020590	18.3162494052	6.29941034341
"515"	2004	2013	10	1	"France"	2.837887003	44.68598	2080020590	18.3162494052	6.29941034341
"516"	2004	2013	10	1	"France"	1.657723421	44.50767	2080020590	18.3162494052	6.29941034341
"517"	2004	2013	10	1	"France"	1.171936526	43.95292	2080020590	18.3162494052	6.29941034341
"519"	2004	2013	10	0.9	"France"	2.22970346	44.58554	2080020590	18.3162494052	6.29941034341
"520"	2004	2013	10	0.9	"France"	1.799080635	43.54644	2080020590	18.3162494052	6.29941034341
"523"	2004	2013	10	0.9	"France"	1.500324784	42.91896	2080020590	18.3162494052	6.29941034341
"524"	2004	2013	10	1	"France"	1.117714716	43.17016	2080020590	18.3162494052	6.29941034341
"526"	2004	2012	9	1	"France"	0.804923832	42.917	2080020590	18.3162494052	6.29941034341
"527"	2004	2013	10	1	"France"	1.387766842	43.51213	2080020590	18.3162494052	6.29941034341
"530"	2004	2013	10	1	"France"	1.449303835	42.64471	2080020590	18.3162494052	6.29941034341
"531"	2004	2013	10	1	"France"	1.688112261	43.77665	2080020590	18.3162494052	6.29941034341
"533"	2004	2013	10	1	"France"	2.781619748	43.70203	2080020590	18.3162494052	6.29941034341
"534"	2004	2013	10	1	"France"	1.83997429	43.08432	2080020590	18.3162494052	6.29941034341
"536"	2004	2013	10	1	"France"	2.059513628	44.17535	2080020590	18.3162494052	6.29941034341
"537"	2004	2013	10	1	"France"	3.086332566	44.10212	2080020590	18.3162494052	6.29941034341
"176"	2004	2013	10	0.9	"France"	2.569766095	45.18508	2080020620	10.6522891872	2.72850490856
"180"	2004	2013	10	1	"France"	2.350415287	44.88212	2080020620	10.6522891872	2.72850490856
"184"	2004	2013	10	1	"France"	2.633922817	45.56237	2080020620	10.6522891872	2.72850490856
"434"	2004	2013	10	1	"France"	1.86401759	45.43539	2080020620	10.6522891872	2.72850490856
"438"	2004	2013	10	1	"France"	2.063903433	45.58266	2080020620	10.6522891872	2.72850490856
"440"	2004	2013	10	1	"France"	1.989490434	45.05301	2080020620	10.6522891872	2.72850490856
"505"	2004	2013	10	1	"France"	2.011192234	44.83779	2080020620	10.6522891872	2.72850490856
"514"	2004	2013	10	1	"France"	1.461356663	44.92073	2080020620	10.6522891872	2.72850490856
"166"	2004	2013	10	1	"France"	2.603677491	46.3937	2080021030	27.6074736357	13.8094539552
"169"	2004	2013	10	1	"France"	3.418680007	46.19145	2080021030	27.6074736357	13.8094539552
"170"	2004	2013	10	0.9	"France"	3.00460675	46.69918	2080021030	27.6074736357	13.8094539552
"173"	2004	2013	10	0.9	"France"	3.649999803	46.20657	2080021030	27.6074736357	13.8094539552
"178"	2004	2013	10	1	"France"	2.909123676	45.28162	2080021030	27.6074736357	13.8094539552
"179"	2004	2013	10	1	"France"	3.014122178	45.14191	2080021030	27.6074736357	13.8094539552
"183"	2004	2013	10	0.9	"France"	3.334347374	45.86188	2080021030	27.6074736357	13.8094539552
"186"	2004	2013	10	1	"France"	2.956706809	45.58263	2080021030	27.6074736357	13.8094539552
"189"	2004	2013	10	1	"France"	3.468584835	44.94534	2080021030	27.6074736357	13.8094539552
"190"	2004	2013	10	1	"France"	3.490677038	45.11562	2080021030	27.6074736357	13.8094539552
"191"	2004	2013	10	1	"France"	3.654940367	45.25327	2080021030	27.6074736357	13.8094539552
"192"	2004	2013	10	1	"France"	3.699210725	45.04438	2080021030	27.6074736357	13.8094539552
"195"	2004	2013	10	1	"France"	4.153826302	45.33064	2080021030	27.6074736357	13.8094539552
"201"	2004	2013	10	1	"France"	0.83662611	48.3854	2080021030	27.6074736357	13.8094539552
"202"	2004	2013	10	0.8	"France"	0.871063911	48.40385	2080021030	27.6074736357	13.8094539552
"215"	2004	2013	10	1	"France"	-0.580241592	48.64958	2080021030	27.6074736357	13.8094539552
"216"	2004	2013	10	1	"France"	-0.744099437	48.69012	2080021030	27.6074736357	13.8094539552
"286"	2004	2013	10	1	"France"	2.15120885	47.16787	2080021030	27.6074736357	13.8094539552
"296"	2004	2013	10	1	"France"	1.45745826	47.00778	2080021030	27.6074736357	13.8094539552
"300"	2004	2013	10	1	"France"	1.290440027	48.06747	2080021030	27.6074736357	13.8094539552
"304"	2004	2013	10	1	"France"	0.791011952	47.04132	2080021030	27.6074736357	13.8094539552
"305"	2004	2013	10	1	"France"	1.088061001	47.06	2080021030	27.6074736357	13.8094539552
"307"	2004	2013	10	0.9	"France"	0.078099578	47.21082	2080021030	27.6074736357	13.8094539552
"308"	2004	2013	10	1	"France"	2.304763966	47.4467	2080021030	27.6074736357	13.8094539552
"445"	2004	2013	10	1	"France"	1.222706759	46.01214	2080021030	27.6074736357	13.8094539552
"447"	2004	2013	10	0.9	"France"	1.592544519	45.61015	2080021030	27.6074736357	13.8094539552
"449"	2004	2013	10	1	"France"	1.098091361	45.8415	2080021030	27.6074736357	13.8094539552
"450"	2004	2013	10	1	"France"	2.033108847	45.80047	2080021030	27.6074736357	13.8094539552
"454"	2004	2013	10	1	"France"	1.867253935	45.98779	2080021030	27.6074736357	13.8094539552
"568"	2004	2013	10	0.9	"France"	-0.860737195	47.39273	2080021030	27.6074736357	13.8094539552
"571"	2004	2013	10	0.8	"France"	-0.202792883	48.27328	2080021030	27.6074736357	13.8094539552
"573"	2004	2012	9	1	"France"	-0.09125947	47.81489	2080021030	27.6074736357	13.8094539552
"574"	2004	2013	10	0.9	"France"	0.045863615	48.2545	2080021030	27.6074736357	13.8094539552
"582"	2004	2013	10	1	"France"	-0.697232395	47.86893	2080021030	27.6074736357	13.8094539552
"588"	2004	2013	10	1	"France"	-0.08005605	47.21547	2080021030	27.6074736357	13.8094539552
"617"	2004	2013	10	1	"France"	-0.418771064	46.60793	2080021030	27.6074736357	13.8094539552
"657"	2004	2013	10	1	"France"	4.194333126	44.82386	2080021030	27.6074736357	13.8094539552
"669"	2004	2013	10	1	"France"	4.268675901	46.00244	2080021030	27.6074736357	13.8094539552
"671"	2004	2013	10	1	"France"	4.048647996	45.54269	2080021030	27.6074736357	13.8094539552
"238"	2004	2013	10	0.8	"France"	3.974059733	47.19597	2080022150	19.9067228048	8.96958554814
"245"	2004	2013	10	0.9	"France"	3.204482067	47.67738	2080022150	19.9067228048	8.96958554814
"247"	2004	2013	10	1	"France"	3.709177013	47.66271	2080022150	19.9067228048	8.96958554814
"290"	2004	2013	10	1	"France"	1.237109472	48.64957	2080022150	19.9067228048	8.96958554814
"325"	2004	2013	10	1	"France"	4.409559607	49.237	2080022150	19.9067228048	8.96958554814
"330"	2004	2013	10	1	"France"	3.777467513	48.57321	2080022150	19.9067228048	8.96958554814
"338"	2004	2013	10	1	"France"	4.307492368	49.58374	2080022150	19.9067228048	8.96958554814
"351"	2004	2013	10	1	"France"	5.080423025	47.77765	2080022150	19.9067228048	8.96958554814
"372"	2004	2013	10	1	"France"	1.23665644	49.31014	2080022150	19.9067228048	8.96958554814
"376"	2004	2013	10	1	"France"	1.325227245	49.35352	2080022150	19.9067228048	8.96958554814
"379"	2004	2013	10	1	"France"	2.171535869	49.12606	2080022150	19.9067228048	8.96958554814
"380"	2004	2013	10	1	"France"	2.285255527	49.14545	2080022150	19.9067228048	8.96958554814
"382"	2004	2013	10	1	"France"	2.464530637	48.71083	2080022150	19.9067228048	8.96958554814
"385"	2004	2013	10	1	"France"	1.618921412	49.02871	2080022150	19.9067228048	8.96958554814
"386"	2004	2013	10	0.9	"France"	2.782063274	48.29541	2080022150	19.9067228048	8.96958554814
"391"	2004	2012	9	1	"France"	2.229494609	48.86671	2080022150	19.9067228048	8.96958554814
"392"	2004	2012	9	1	"France"	2.41559629	48.71867	2080022150	19.9067228048	8.96958554814
"393"	2004	2012	9	1	"France"	2.41962979	48.8169	2080022150	19.9067228048	8.96958554814
"397"	2004	2012	9	1	"France"	2.157759113	48.94445	2080022150	19.9067228048	8.96958554814
"398"	2004	2012	9	1	"France"	2.038835044	48.93678	2080022150	19.9067228048	8.96958554814
"600"	2004	2013	10	1	"France"	2.604164303	49.3029	2080022150	19.9067228048	8.96958554814
"603"	2004	2013	10	1	"France"	2.876470159	49.43615	2080022150	19.9067228048	8.96958554814
"604"	2004	2013	10	0.9	"France"	1.883369935	49.26901	2080022150	19.9067228048	8.96958554814
"606"	2004	2013	10	1	"France"	3.47521073	49.39858	2080022150	19.9067228048	8.96958554814
"607"	2004	2013	10	1	"France"	3.497628463	49.19992	2080022150	19.9067228048	8.96958554814
"993"	2005	2013	9	0.888888888888889	"Sweden"	23.54941	67.17837	2080030100	28.9190253361	8.68565191138
"994"	2005	2013	9	0.888888888888889	"Sweden"	23.54981	67.18034	2080030100	28.9190253361	8.68565191138
"997"	2005	2013	9	0.888888888888889	"Sweden"	22.89947	67.24614	2080030100	28.9190253361	8.68565191138
"999"	2005	2013	9	0.888888888888889	"Sweden"	22.98133	67.2598	2080030100	28.9190253361	8.68565191138
"1001"	2005	2013	9	0.888888888888889	"Sweden"	23.25805	67.25551	2080030100	28.9190253361	8.68565191138
"1014"	2005	2013	9	1	"Sweden"	22.61583	67.35383	2080030100	28.9190253361	8.68565191138
"1019"	2005	2013	9	1	"Sweden"	22.67041	67.38497	2080030100	28.9190253361	8.68565191138
"1025"	2005	2013	9	1	"Sweden"	22.66175	67.4478	2080030100	28.9190253361	8.68565191138
"1030"	2005	2013	9	1	"Sweden"	22.66322	67.50935	2080030100	28.9190253361	8.68565191138
"1038"	2005	2013	9	1	"Sweden"	22.68281	67.6705	2080030100	28.9190253361	8.68565191138
"1041"	2005	2013	9	1	"Sweden"	22.64488	67.69076	2080030100	28.9190253361	8.68565191138
"1042"	2005	2013	9	0.888888888888889	"Sweden"	20.92657	67.77568	2080030100	28.9190253361	8.68565191138
"1049"	2004	2013	10	0.9	"Sweden"	23.25594	67.76319	2080030100	28.9190253361	8.68565191138
"1054"	2004	2013	10	1	"Sweden"	21.6376	68.12228	2080030100	28.9190253361	8.68565191138
"1055"	2004	2013	10	0.9	"Sweden"	21.64198	68.12248	2080030100	28.9190253361	8.68565191138
"1056"	2004	2013	10	1	"Sweden"	21.61758	68.12712	2080030100	28.9190253361	8.68565191138
"1060"	2004	2013	10	1	"Sweden"	21.4434	68.27846	2080030100	28.9190253361	8.68565191138
"1061"	2004	2013	10	1	"Sweden"	21.44295	68.28055	2080030100	28.9190253361	8.68565191138
"1062"	2004	2013	10	1	"Sweden"	21.44932	68.29059	2080030100	28.9190253361	8.68565191138
"1063"	2004	2013	10	1	"Sweden"	21.45088	68.29198	2080030100	28.9190253361	8.68565191138
"1064"	2004	2013	10	1	"Sweden"	21.57075	68.37757	2080030100	28.9190253361	8.68565191138
"1065"	2004	2013	10	1	"Sweden"	21.56825	68.38117	2080030100	28.9190253361	8.68565191138
"1066"	2004	2013	10	1	"Sweden"	21.56946	68.38113	2080030100	28.9190253361	8.68565191138
"1067"	2004	2013	10	1	"Sweden"	21.56532	68.38496	2080030100	28.9190253361	8.68565191138
"943"	2004	2013	10	0.9	"Sweden"	23.00482	65.881	2080030160	16.4522961803	3.56322146789
"945"	2004	2013	10	0.9	"Sweden"	22.87432	65.9501	2080030160	16.4522961803	3.56322146789
"947"	2004	2013	10	0.9	"Sweden"	22.84993	66.00251	2080030160	16.4522961803	3.56322146789
"950"	2004	2013	10	0.9	"Sweden"	22.73135	66.07586	2080030160	16.4522961803	3.56322146789
"953"	2004	2013	10	0.9	"Sweden"	22.80498	66.15986	2080030160	16.4522961803	3.56322146789
"968"	2004	2013	10	0.9	"Sweden"	22.80129	66.40654	2080030160	16.4522961803	3.56322146789
"969"	2004	2013	10	0.9	"Sweden"	22.65779	66.45647	2080030160	16.4522961803	3.56322146789
"974"	2004	2013	10	0.9	"Sweden"	22.75105	66.53137	2080030160	16.4522961803	3.56322146789
"975"	2004	2013	10	0.9	"Sweden"	22.46747	66.56617	2080030160	16.4522961803	3.56322146789
"976"	2004	2013	10	0.9	"Sweden"	22.75079	66.55626	2080030160	16.4522961803	3.56322146789
"979"	2004	2013	10	0.9	"Sweden"	22.75224	66.61378	2080030160	16.4522961803	3.56322146789
"985"	2005	2013	9	0.888888888888889	"Sweden"	22.00417	66.89819	2080030160	16.4522961803	3.56322146789
"986"	2004	2013	10	0.9	"Sweden"	22.78586	66.91207	2080030160	16.4522961803	3.56322146789
"990"	2005	2013	9	1	"Sweden"	21.53464	67.15355	2080030160	16.4522961803	3.56322146789
"991"	2005	2013	9	0.888888888888889	"Sweden"	21.6024	67.19177	2080030160	16.4522961803	3.56322146789
"995"	2004	2013	10	0.9	"Sweden"	22.3153	67.25057	2080030160	16.4522961803	3.56322146789
"1012"	2004	2013	10	0.9	"Sweden"	22.00872	67.34325	2080030160	16.4522961803	3.56322146789
"1013"	2004	2013	10	0.9	"Sweden"	21.9365	67.36925	2080030160	16.4522961803	3.56322146789
"1016"	2004	2013	10	0.9	"Sweden"	21.89281	67.39216	2080030160	16.4522961803	3.56322146789
"1017"	2004	2013	10	0.9	"Sweden"	21.91176	67.40593	2080030160	16.4522961803	3.56322146789
"1018"	2004	2013	10	1	"Sweden"	20.87571	67.44558	2080030160	16.4522961803	3.56322146789
"1020"	2004	2013	10	1	"Sweden"	20.56885	67.47175	2080030160	16.4522961803	3.56322146789
"1021"	2005	2013	9	1	"Sweden"	21.84299	67.42914	2080030160	16.4522961803	3.56322146789
"1022"	2004	2013	10	1	"Sweden"	20.53693	67.47736	2080030160	16.4522961803	3.56322146789
"1024"	2004	2013	10	1	"Sweden"	21.06284	67.49525	2080030160	16.4522961803	3.56322146789
"1027"	2004	2013	10	1	"Sweden"	21.04824	67.50994	2080030160	16.4522961803	3.56322146789
"1032"	2004	2013	10	1	"Sweden"	20.55569	67.67527	2080030160	16.4522961803	3.56322146789
"1036"	2004	2013	10	1	"Sweden"	20.32395	67.73372	2080030160	16.4522961803	3.56322146789
"951"	2005	2013	9	0.888888888888889	"Sweden"	21.54393	66.20481	2080030220	7.04103359439	0.896861679983
"952"	2005	2013	9	0.888888888888889	"Sweden"	21.44983	66.20836	2080030220	7.04103359439	0.896861679983
"954"	2005	2013	9	1	"Sweden"	21.35575	66.24847	2080030220	7.04103359439	0.896861679983
"955"	2005	2013	9	1	"Sweden"	21.34778	66.25488	2080030220	7.04103359439	0.896861679983
"957"	2005	2013	9	1	"Sweden"	21.34279	66.28797	2080030220	7.04103359439	0.896861679983
"958"	2005	2013	9	0.888888888888889	"Sweden"	21.37039	66.32216	2080030220	7.04103359439	0.896861679983
"965"	2005	2013	9	1	"Sweden"	21.25441	66.39968	2080030220	7.04103359439	0.896861679983
"966"	2005	2013	9	1	"Sweden"	21.17969	66.44563	2080030220	7.04103359439	0.896861679983
"967"	2005	2013	9	0.888888888888889	"Sweden"	21.1766	66.44898	2080030220	7.04103359439	0.896861679983
"971"	2005	2013	9	0.888888888888889	"Sweden"	21.10443	66.51782	2080030220	7.04103359439	0.896861679983
"973"	2005	2013	9	0.888888888888889	"Sweden"	21.08861	66.57591	2080030220	7.04103359439	0.896861679983
"894"	2004	2013	10	1	"Sweden"	21.11569	65.12375	2080030370	4.08783546507	0.242125343225
"895"	2004	2013	10	1	"Sweden"	21.02997	65.13671	2080030370	4.08783546507	0.242125343225
"896"	2004	2013	10	1	"Sweden"	20.9654	65.14151	2080030370	4.08783546507	0.242125343225
"897"	2004	2013	10	0.9	"Sweden"	20.90488	65.15455	2080030370	4.08783546507	0.242125343225
"898"	2004	2013	10	1	"Sweden"	20.91609	65.15723	2080030370	4.08783546507	0.242125343225
"900"	2004	2013	10	1	"Sweden"	20.90069	65.16503	2080030370	4.08783546507	0.242125343225
"902"	2004	2013	10	0.8	"Sweden"	20.84891	65.17488	2080030370	4.08783546507	0.242125343225
"903"	2004	2013	10	1	"Sweden"	20.87442	65.17528	2080030370	4.08783546507	0.242125343225
"907"	2004	2013	10	1	"Sweden"	20.83664	65.20721	2080030370	4.08783546507	0.242125343225
"911"	2004	2013	10	1	"Sweden"	20.79941	65.25953	2080030370	4.08783546507	0.242125343225
"919"	2004	2013	10	1	"Sweden"	20.52085	65.38142	2080030370	4.08783546507	0.242125343225
"921"	2004	2013	10	1	"Sweden"	20.44399	65.41716	2080030370	4.08783546507	0.242125343225
"2037"	2004	2013	10	1	"Sweden"	21.35653	65.02944	2080030370	4.08783546507	0.242125343225
"2041"	2004	2013	10	1	"Sweden"	21.32519	65.03844	2080030370	4.08783546507	0.242125343225
"2046"	2004	2013	10	1	"Sweden"	21.23722	65.08421	2080030370	4.08783546507	0.242125343225
"2047"	2004	2013	10	1	"Sweden"	21.19861	65.09353	2080030370	4.08783546507	0.242125343225
"908"	2004	2013	10	0.9	"Sweden"	20.40095	65.24196	2080030420	8.83579442706	0.72497967885
"909"	2004	2013	10	0.9	"Sweden"	20.31857	65.26414	2080030420	8.83579442706	0.72497967885
"910"	2004	2013	10	0.9	"Sweden"	20.33629	65.26603	2080030420	8.83579442706	0.72497967885
"912"	2004	2013	10	0.8	"Sweden"	20.25534	65.27716	2080030420	8.83579442706	0.72497967885
"913"	2004	2013	10	0.9	"Sweden"	20.21429	65.28448	2080030420	8.83579442706	0.72497967885
"914"	2004	2013	10	0.9	"Sweden"	19.99853	65.32066	2080030420	8.83579442706	0.72497967885
"916"	2004	2013	10	0.9	"Sweden"	19.80517	65.37325	2080030420	8.83579442706	0.72497967885
"920"	2004	2013	10	0.9	"Sweden"	19.69664	65.41103	2080030420	8.83579442706	0.72497967885
"922"	2004	2013	10	0.9	"Sweden"	19.55758	65.45165	2080030420	8.83579442706	0.72497967885
"923"	2004	2013	10	1	"Sweden"	19.44885	65.50972	2080030420	8.83579442706	0.72497967885
"2025"	2004	2013	10	0.9	"Sweden"	21.11863	64.97102	2080030420	8.83579442706	0.72497967885
"2027"	2004	2013	10	0.9	"Sweden"	21.04413	65.00037	2080030420	8.83579442706	0.72497967885
"2029"	2004	2013	10	0.9	"Sweden"	21.00092	65.01411	2080030420	8.83579442706	0.72497967885
"2031"	2004	2013	10	0.9	"Sweden"	20.9851	65.02141	2080030420	8.83579442706	0.72497967885
"2032"	2004	2013	10	0.9	"Sweden"	20.98699	65.02233	2080030420	8.83579442706	0.72497967885
"2033"	2004	2013	10	0.9	"Sweden"	20.9374	65.02441	2080030420	8.83579442706	0.72497967885
"2034"	2004	2013	10	0.9	"Sweden"	20.97971	65.03742	2080030420	8.83579442706	0.72497967885
"2043"	2004	2013	10	0.9	"Sweden"	20.8024	65.0645	2080030420	8.83579442706	0.72497967885
"2044"	2004	2013	10	0.9	"Sweden"	20.79099	65.09455	2080030420	8.83579442706	0.72497967885
"1903"	2005	2013	9	1	"Sweden"	20.57118	63.92861	2080030610	3.14298042083	0.193429485619
"1920"	2005	2013	9	1	"Sweden"	20.52726	63.97949	2080030610	3.14298042083	0.193429485619
"1927"	2004	2013	10	1	"Sweden"	20.40457	64.08321	2080030610	3.14298042083	0.193429485619
"1931"	2005	2013	9	1	"Sweden"	20.40824	64.09298	2080030610	3.14298042083	0.193429485619
"1934"	2004	2013	10	0.9	"Sweden"	20.32004	64.10653	2080030610	3.14298042083	0.193429485619
"1935"	2004	2013	10	1	"Sweden"	20.40184	64.10397	2080030610	3.14298042083	0.193429485619
"1943"	2004	2013	10	1	"Sweden"	20.38832	64.14035	2080030610	3.14298042083	0.193429485619
"1944"	2004	2013	10	1	"Sweden"	20.3481	64.1461	2080030610	3.14298042083	0.193429485619
"1945"	2004	2013	10	1	"Sweden"	20.35738	64.14626	2080030610	3.14298042083	0.193429485619
"1950"	2004	2013	10	0.9	"Sweden"	20.34166	64.16967	2080030610	3.14298042083	0.193429485619
"1952"	2004	2013	10	1	"Sweden"	20.28337	64.17237	2080030610	3.14298042083	0.193429485619
"1957"	2004	2013	10	1	"Sweden"	20.29125	64.18921	2080030610	3.14298042083	0.193429485619
"1958"	2004	2013	10	1	"Sweden"	20.18241	64.19836	2080030610	3.14298042083	0.193429485619
"1960"	2004	2013	10	1	"Sweden"	20.27431	64.19916	2080030610	3.14298042083	0.193429485619
"1961"	2005	2013	9	1	"Sweden"	20.26997	64.20424	2080030610	3.14298042083	0.193429485619
"1964"	2004	2013	10	0.9	"Sweden"	20.34011	64.20432	2080030610	3.14298042083	0.193429485619
"1965"	2004	2013	10	0.9	"Sweden"	20.37617	64.2041	2080030610	3.14298042083	0.193429485619
"1966"	2004	2013	10	1	"Sweden"	20.23983	64.2092	2080030610	3.14298042083	0.193429485619
"1967"	2004	2013	10	0.9	"Sweden"	20.32354	64.21652	2080030610	3.14298042083	0.193429485619
"1969"	2004	2013	10	0.9	"Sweden"	20.18995	64.22644	2080030610	3.14298042083	0.193429485619
"1971"	2004	2013	10	1	"Sweden"	20.13123	64.26009	2080030610	3.14298042083	0.193429485619
"1975"	2004	2013	10	1	"Sweden"	20.14197	64.26921	2080030610	3.14298042083	0.193429485619
"1977"	2004	2013	10	0.9	"Sweden"	20.24915	64.27363	2080030610	3.14298042083	0.193429485619
"1978"	2004	2013	10	0.9	"Sweden"	20.25994	64.27644	2080030610	3.14298042083	0.193429485619
"1979"	2004	2013	10	0.9	"Sweden"	20.35172	64.27497	2080030610	3.14298042083	0.193429485619
"1980"	2004	2013	10	0.9	"Sweden"	20.17077	64.29441	2080030610	3.14298042083	0.193429485619
"1981"	2004	2013	10	0.8	"Sweden"	20.23003	64.29622	2080030610	3.14298042083	0.193429485619
"1987"	2004	2013	10	0.9	"Sweden"	20.12609	64.32359	2080030610	3.14298042083	0.193429485619
"935"	2004	2013	10	0.9	"Sweden"	15.9588	65.96438	2080030650	21.8670739842	5.34591402044
"936"	2004	2013	10	1	"Sweden"	15.9586	65.96663	2080030650	21.8670739842	5.34591402044
"938"	2004	2013	10	1	"Sweden"	15.95818	65.96824	2080030650	21.8670739842	5.34591402044
"1881"	2004	2013	10	0.8	"Sweden"	20.04998	63.87879	2080030650	21.8670739842	5.34591402044
"1882"	2004	2013	10	1	"Sweden"	20.06459	63.88106	2080030650	21.8670739842	5.34591402044
"1885"	2004	2013	10	1	"Sweden"	20.03335	63.88332	2080030650	21.8670739842	5.34591402044
"1893"	2004	2013	10	1	"Sweden"	19.99022	63.92231	2080030650	21.8670739842	5.34591402044
"1899"	2004	2013	10	0.9	"Sweden"	20.04322	63.93515	2080030650	21.8670739842	5.34591402044
"2035"	2004	2013	10	1	"Sweden"	16.94856	65.12424	2080030650	21.8670739842	5.34591402044
"1818"	2004	2013	10	1	"Sweden"	19.91101	63.62494	2080030660	4.91414218578	0.221434069504
"1824"	2004	2013	10	1	"Sweden"	19.9162	63.66073	2080030660	4.91414218578	0.221434069504
"1830"	2004	2013	10	1	"Sweden"	19.90788	63.67311	2080030660	4.91414218578	0.221434069504
"1832"	2004	2013	10	0.9	"Sweden"	19.89587	63.68108	2080030660	4.91414218578	0.221434069504
"1839"	2004	2013	10	1	"Sweden"	19.84768	63.7049	2080030660	4.91414218578	0.221434069504
"1841"	2004	2013	10	1	"Sweden"	19.79648	63.71532	2080030660	4.91414218578	0.221434069504
"1844"	2004	2013	10	0.9	"Sweden"	19.82107	63.72452	2080030660	4.91414218578	0.221434069504
"1846"	2004	2013	10	0.9	"Sweden"	19.63805	63.77218	2080030660	4.91414218578	0.221434069504
"1855"	2004	2013	10	0.9	"Sweden"	19.54952	63.79336	2080030660	4.91414218578	0.221434069504
"1856"	2004	2013	10	1	"Sweden"	19.5516	63.79376	2080030660	4.91414218578	0.221434069504
"1861"	2004	2013	10	0.9	"Sweden"	19.50018	63.81216	2080030660	4.91414218578	0.221434069504
"1886"	2004	2013	10	1	"Sweden"	19.442	63.92051	2080030660	4.91414218578	0.221434069504
"1887"	2004	2013	10	0.9	"Sweden"	19.44106	63.92099	2080030660	4.91414218578	0.221434069504
"1889"	2004	2013	10	1	"Sweden"	19.36519	63.92601	2080030660	4.91414218578	0.221434069504
"1905"	2004	2013	10	1	"Sweden"	19.29949	63.97206	2080030660	4.91414218578	0.221434069504
"1907"	2004	2013	10	0.9	"Sweden"	19.41774	63.96962	2080030660	4.91414218578	0.221434069504
"1798"	2004	2013	10	1	"Sweden"	19.73438	63.55982	2080030710	6.38453720026	0.478276522667
"1801"	2004	2013	10	1	"Sweden"	19.67725	63.57538	2080030710	6.38453720026	0.478276522667
"1807"	2004	2013	10	1	"Sweden"	19.66381	63.58913	2080030710	6.38453720026	0.478276522667
"1809"	2004	2013	10	1	"Sweden"	19.71433	63.5972	2080030710	6.38453720026	0.478276522667
"1811"	2004	2013	10	1	"Sweden"	19.66269	63.60622	2080030710	6.38453720026	0.478276522667
"1812"	2004	2013	10	1	"Sweden"	19.7048	63.60868	2080030710	6.38453720026	0.478276522667
"1814"	2004	2013	10	1	"Sweden"	19.66093	63.61257	2080030710	6.38453720026	0.478276522667
"1821"	2004	2013	10	1	"Sweden"	19.61534	63.65645	2080030710	6.38453720026	0.478276522667
"1834"	2004	2013	10	1	"Sweden"	19.60034	63.69547	2080030710	6.38453720026	0.478276522667
"1842"	2004	2013	10	1	"Sweden"	19.49405	63.72653	2080030710	6.38453720026	0.478276522667
"1843"	2004	2013	10	1	"Sweden"	19.44996	63.73035	2080030710	6.38453720026	0.478276522667
"1857"	2004	2013	10	1	"Sweden"	19.34759	63.80296	2080030710	6.38453720026	0.478276522667
"1865"	2004	2013	10	0.9	"Sweden"	19.33217	63.82579	2080030710	6.38453720026	0.478276522667
"1866"	2004	2013	10	0.9	"Sweden"	19.32918	63.82631	2080030710	6.38453720026	0.478276522667
"1872"	2004	2013	10	0.9	"Sweden"	19.32557	63.84615	2080030710	6.38453720026	0.478276522667
"1913"	2005	2013	9	0.888888888888889	"Sweden"	19.13905	63.98931	2080030710	6.38453720026	0.478276522667
"1796"	2004	2013	10	1	"Sweden"	19.34284	63.56238	2080030760	5.26958004176	0.305068212181
"1810"	2004	2013	10	1	"Sweden"	19.27437	63.61209	2080030760	5.26958004176	0.305068212181
"1813"	2004	2013	10	1	"Sweden"	19.24717	63.62083	2080030760	5.26958004176	0.305068212181
"1816"	2004	2013	10	0.9	"Sweden"	19.2154	63.63371	2080030760	5.26958004176	0.305068212181
"1822"	2004	2013	10	0.9	"Sweden"	19.17409	63.6769	2080030760	5.26958004176	0.305068212181
"1825"	2004	2013	10	1	"Sweden"	19.16691	63.68469	2080030760	5.26958004176	0.305068212181
"1826"	2004	2013	10	1	"Sweden"	19.08089	63.69297	2080030760	5.26958004176	0.305068212181
"1827"	2004	2013	10	1	"Sweden"	19.08498	63.69333	2080030760	5.26958004176	0.305068212181
"1831"	2004	2013	10	1	"Sweden"	19.16198	63.69424	2080030760	5.26958004176	0.305068212181
"1852"	2005	2013	9	1	"Sweden"	18.95286	63.79728	2080030760	5.26958004176	0.305068212181
"1859"	2004	2012	9	1	"Sweden"	18.83138	63.81964	2080030760	5.26958004176	0.305068212181
"1863"	2004	2013	10	0.9	"Sweden"	18.71985	63.8318	2080030760	5.26958004176	0.305068212181
"1871"	2004	2013	10	1	"Sweden"	18.6703	63.85434	2080030760	5.26958004176	0.305068212181
"1874"	2004	2013	10	0.9	"Sweden"	18.85182	63.86769	2080030760	5.26958004176	0.305068212181
"1876"	2004	2013	10	0.9	"Sweden"	18.9054	63.87921	2080030760	5.26958004176	0.305068212181
"1877"	2004	2013	10	1	"Sweden"	18.80009	63.88852	2080030760	5.26958004176	0.305068212181
"1879"	2004	2013	10	0.9	"Sweden"	18.72946	63.90478	2080030760	5.26958004176	0.305068212181
"1891"	2004	2013	10	1	"Sweden"	18.82515	63.94537	2080030760	5.26958004176	0.305068212181
"1892"	2004	2013	10	1	"Sweden"	18.83307	63.94888	2080030760	5.26958004176	0.305068212181
"1900"	2004	2013	10	0.9	"Sweden"	18.8354	63.97039	2080030760	5.26958004176	0.305068212181
"1904"	2004	2013	10	1	"Sweden"	18.7801	63.97872	2080030760	5.26958004176	0.305068212181
"1908"	2004	2013	10	0.9	"Sweden"	18.8572	63.98295	2080030760	5.26958004176	0.305068212181
"1914"	2004	2013	10	1	"Sweden"	18.67495	63.99968	2080030760	5.26958004176	0.305068212181
"1924"	2004	2013	10	0.9	"Sweden"	18.75349	64.05601	2080030760	5.26958004176	0.305068212181
"1933"	2004	2013	10	0.9	"Sweden"	18.56503	64.14993	2080030760	5.26958004176	0.305068212181
"1941"	2004	2013	10	1	"Sweden"	18.50678	64.16403	2080030760	5.26958004176	0.305068212181
"1782"	2004	2013	10	0.9	"Sweden"	19.25465	63.46619	2080030770	3.05963527981	0.103812451685
"1783"	2004	2013	10	0.9	"Sweden"	19.25372	63.46665	2080030770	3.05963527981	0.103812451685
"1785"	2004	2013	10	0.9	"Sweden"	19.30266	63.48109	2080030770	3.05963527981	0.103812451685
"1786"	2004	2013	10	1	"Sweden"	19.30267	63.48118	2080030770	3.05963527981	0.103812451685
"1787"	2004	2013	10	1	"Sweden"	19.29694	63.48357	2080030770	3.05963527981	0.103812451685
"1788"	2005	2013	9	1	"Sweden"	19.29432	63.48678	2080030770	3.05963527981	0.103812451685
"1790"	2004	2013	10	0.9	"Sweden"	19.18204	63.53123	2080030770	3.05963527981	0.103812451685
"1791"	2004	2013	10	0.9	"Sweden"	19.18119	63.5326	2080030770	3.05963527981	0.103812451685
"1763"	2004	2013	10	0.9	"Sweden"	17.59758	63.18881	2080031060	18.2345884221	5.8709198584
"1766"	2004	2012	9	0.888888888888889	"Sweden"	17.58681	63.20761	2080031060	18.2345884221	5.8709198584
"1769"	2004	2013	10	0.9	"Sweden"	17.52078	63.29761	2080031060	18.2345884221	5.8709198584
"1916"	2004	2013	10	0.9	"Sweden"	16.92383	64.03377	2080031060	18.2345884221	5.8709198584
"1968"	2004	2013	10	1	"Sweden"	16.50904	64.28601	2080031060	18.2345884221	5.8709198584
"1972"	2004	2013	10	0.9	"Sweden"	16.71676	64.323	2080031060	18.2345884221	5.8709198584
"1982"	2004	2013	10	0.9	"Sweden"	16.47272	64.36333	2080031060	18.2345884221	5.8709198584
"1983"	2004	2013	10	0.8	"Sweden"	16.44598	64.37107	2080031060	18.2345884221	5.8709198584
"1985"	2004	2013	10	0.9	"Sweden"	16.19862	64.38136	2080031060	18.2345884221	5.8709198584
"1986"	2004	2013	10	1	"Sweden"	16.39968	64.38517	2080031060	18.2345884221	5.8709198584
"1988"	2004	2013	10	1	"Sweden"	16.2132	64.38761	2080031060	18.2345884221	5.8709198584
"1989"	2004	2013	10	0.9	"Sweden"	16.37803	64.39109	2080031060	18.2345884221	5.8709198584
"1991"	2004	2013	10	0.8	"Sweden"	16.20313	64.40736	2080031060	18.2345884221	5.8709198584
"1994"	2004	2013	10	1	"Sweden"	16.27308	64.43496	2080031060	18.2345884221	5.8709198584
"2003"	2004	2013	10	1	"Sweden"	16.83385	64.80081	2080031060	18.2345884221	5.8709198584
"2004"	2004	2013	10	1	"Sweden"	16.9249	64.82455	2080031060	18.2345884221	5.8709198584
"2009"	2004	2013	10	0.9	"Sweden"	15.51731	64.93593	2080031060	18.2345884221	5.8709198584
"2010"	2004	2013	10	0.9	"Sweden"	15.62709	64.96301	2080031060	18.2345884221	5.8709198584
"2013"	2004	2013	10	1	"Sweden"	15.61115	64.97331	2080031060	18.2345884221	5.8709198584
"2014"	2004	2013	10	1	"Sweden"	15.5654	64.97717	2080031060	18.2345884221	5.8709198584
"2016"	2004	2013	10	0.9	"Sweden"	15.63862	64.98455	2080031060	18.2345884221	5.8709198584
"2021"	2005	2013	9	1	"Sweden"	15.67979	65.01329	2080031060	18.2345884221	5.8709198584
"1726"	2004	2013	10	1	"Sweden"	17.1582	62.72967	2080031160	19.042227783	4.77881124216
"1727"	2004	2013	10	1	"Sweden"	17.14681	62.73695	2080031160	19.042227783	4.77881124216
"1728"	2004	2013	10	1	"Sweden"	17.14608	62.74279	2080031160	19.042227783	4.77881124216
"1730"	2004	2013	10	1	"Sweden"	17.1452	62.74459	2080031160	19.042227783	4.77881124216
"1731"	2004	2013	10	1	"Sweden"	17.0907	62.77382	2080031160	19.042227783	4.77881124216
"1732"	2004	2013	10	0.9	"Sweden"	14.26068	62.83754	2080031160	19.042227783	4.77881124216
"1733"	2004	2013	10	1	"Sweden"	17.37162	62.845	2080031160	19.042227783	4.77881124216
"1734"	2004	2013	10	1	"Sweden"	17.35907	62.84873	2080031160	19.042227783	4.77881124216
"1735"	2004	2013	10	1	"Sweden"	17.31923	62.85679	2080031160	19.042227783	4.77881124216
"1744"	2004	2013	10	0.9	"Sweden"	14.12091	62.91392	2080031160	19.042227783	4.77881124216
"1745"	2004	2013	10	1	"Sweden"	14.13644	62.91663	2080031160	19.042227783	4.77881124216
"1752"	2004	2013	10	0.9	"Sweden"	13.74559	63.08231	2080031160	19.042227783	4.77881124216
"1753"	2004	2013	10	1	"Sweden"	13.89607	63.09096	2080031160	19.042227783	4.77881124216
"1754"	2004	2013	10	1	"Sweden"	13.89631	63.09339	2080031160	19.042227783	4.77881124216
"1755"	2004	2013	10	1	"Sweden"	13.89882	63.10347	2080031160	19.042227783	4.77881124216
"1756"	2004	2013	10	0.9	"Sweden"	13.80398	63.10223	2080031160	19.042227783	4.77881124216
"1700"	2004	2013	10	1	"Sweden"	16.43852	62.45301	2080031210	16.4381393043	2.26523992668
"1701"	2004	2013	10	1	"Sweden"	16.45024	62.45699	2080031210	16.4381393043	2.26523992668
"1702"	2004	2013	10	1	"Sweden"	16.45422	62.46191	2080031210	16.4381393043	2.26523992668
"1703"	2004	2013	10	1	"Sweden"	16.45043	62.46597	2080031210	16.4381393043	2.26523992668
"1720"	2004	2013	10	0.9	"Sweden"	14.0782	62.60585	2080031210	16.4381393043	2.26523992668
"1738"	2004	2013	10	1	"Sweden"	14.00583	62.88611	2080031210	16.4381393043	2.26523992668
"1739"	2004	2013	10	0.9	"Sweden"	13.65378	62.89407	2080031210	16.4381393043	2.26523992668
"1741"	2004	2013	10	1	"Sweden"	13.65437	62.8965	2080031210	16.4381393043	2.26523992668
"1743"	2004	2013	10	1	"Sweden"	13.64854	62.90359	2080031210	16.4381393043	2.26523992668
"1521"	2004	2013	10	0.9	"Sweden"	16.13283	60.13753	2080031490	20.0850095116	4.7539016451
"1535"	2004	2013	10	0.9	"Sweden"	15.00113	60.45044	2080031490	20.0850095116	4.7539016451
"1536"	2005	2013	9	0.888888888888889	"Sweden"	15.12466	60.45157	2080031490	20.0850095116	4.7539016451
"1538"	2004	2013	10	0.9	"Sweden"	15.17422	60.47202	2080031490	20.0850095116	4.7539016451
"1549"	2004	2013	10	1	"Sweden"	14.82819	60.65473	2080031490	20.0850095116	4.7539016451
"1564"	2004	2013	10	0.9	"Sweden"	14.65731	60.73963	2080031490	20.0850095116	4.7539016451
"1596"	2004	2013	10	0.9	"Sweden"	13.19751	60.91313	2080031490	20.0850095116	4.7539016451
"1597"	2004	2013	10	0.8	"Sweden"	15.78331	60.95231	2080031490	20.0850095116	4.7539016451
"1599"	2004	2013	10	1	"Sweden"	14.70667	60.95761	2080031490	20.0850095116	4.7539016451
"1609"	2004	2013	10	1	"Sweden"	14.59496	61.03617	2080031490	20.0850095116	4.7539016451
"1614"	2005	2013	9	0.888888888888889	"Sweden"	13.82906	61.12093	2080031490	20.0850095116	4.7539016451
"1615"	2004	2013	10	0.9	"Sweden"	14.97034	61.15865	2080031490	20.0850095116	4.7539016451
"1621"	2004	2013	10	0.9	"Sweden"	14.94144	61.29101	2080031490	20.0850095116	4.7539016451
"1622"	2004	2013	10	0.9	"Sweden"	14.86502	61.32013	2080031490	20.0850095116	4.7539016451
"1624"	2004	2013	10	0.9	"Sweden"	14.89605	61.34457	2080031490	20.0850095116	4.7539016451
"1631"	2004	2013	10	1	"Sweden"	12.84532	61.39797	2080031490	20.0850095116	4.7539016451
"1633"	2004	2013	10	0.8	"Sweden"	14.56617	61.49785	2080031490	20.0850095116	4.7539016451
"1635"	2004	2013	10	0.9	"Sweden"	12.84558	61.48418	2080031490	20.0850095116	4.7539016451
"1636"	2004	2013	10	0.9	"Sweden"	12.84459	61.4846	2080031490	20.0850095116	4.7539016451
"1643"	2004	2013	10	0.8	"Sweden"	12.90389	61.57389	2080031490	20.0850095116	4.7539016451
"1644"	2004	2013	10	0.9	"Sweden"	13.74597	61.59771	2080031490	20.0850095116	4.7539016451
"1645"	2004	2013	10	0.9	"Sweden"	13.64593	61.61368	2080031490	20.0850095116	4.7539016451
"1657"	2004	2013	10	1	"Sweden"	12.63381	61.71535	2080031490	20.0850095116	4.7539016451
"1658"	2004	2013	10	1	"Sweden"	12.62743	61.71654	2080031490	20.0850095116	4.7539016451
"1482"	2004	2013	10	1	"Sweden"	14.73761	59.64708	2080031740	15.9868476642	3.63428949252
"1483"	2005	2013	9	1	"Sweden"	15.9435	59.65802	2080031740	15.9868476642	3.63428949252
"1500"	2004	2013	10	1	"Sweden"	15.45488	59.85356	2080031740	15.9868476642	3.63428949252
"1501"	2004	2013	10	1	"Sweden"	15.45505	59.85464	2080031740	15.9868476642	3.63428949252
"1508"	2004	2013	10	1	"Sweden"	15.52086	59.91915	2080031740	15.9868476642	3.63428949252
"1510"	2004	2013	10	0.9	"Sweden"	15.58785	59.92861	2080031740	15.9868476642	3.63428949252
"1517"	2005	2013	9	0.888888888888889	"Sweden"	14.97628	60.10652	2080031740	15.9868476642	3.63428949252
"1528"	2004	2013	10	0.9	"Sweden"	14.72647	60.24025	2080031740	15.9868476642	3.63428949252
"1256"	2004	2013	10	1	"Sweden"	15.6824	57.66134	2080031960	10.7889814793	2.32534476023
"1278"	2004	2013	10	1	"Sweden"	14.1175	57.70949	2080031960	10.7889814793	2.32534476023
"1284"	2004	2013	10	1	"Sweden"	14.10162	57.7223	2080031960	10.7889814793	2.32534476023
"1287"	2004	2013	10	0.9	"Sweden"	14.39302	57.73038	2080031960	10.7889814793	2.32534476023
"1291"	2004	2013	10	0.9	"Sweden"	14.11721	57.73373	2080031960	10.7889814793	2.32534476023
"1297"	2004	2013	10	1	"Sweden"	14.28972	57.76375	2080031960	10.7889814793	2.32534476023
"1313"	2004	2013	10	1	"Sweden"	14.10452	57.82516	2080031960	10.7889814793	2.32534476023
"1323"	2004	2013	10	1	"Sweden"	15.38036	57.88794	2080031960	10.7889814793	2.32534476023
"1326"	2004	2013	10	1	"Sweden"	14.08779	57.91465	2080031960	10.7889814793	2.32534476023
"1327"	2004	2013	10	1	"Sweden"	14.07277	57.91463	2080031960	10.7889814793	2.32534476023
"1328"	2004	2013	10	1	"Sweden"	14.08458	57.91496	2080031960	10.7889814793	2.32534476023
"1331"	2004	2013	10	1	"Sweden"	14.12159	57.92821	2080031960	10.7889814793	2.32534476023
"1332"	2004	2013	10	1	"Sweden"	14.11353	57.93799	2080031960	10.7889814793	2.32534476023
"1333"	2004	2013	10	0.9	"Sweden"	15.51203	57.97065	2080031960	10.7889814793	2.32534476023
"1335"	2004	2013	10	1	"Sweden"	14.11139	57.96535	2080031960	10.7889814793	2.32534476023
"1337"	2004	2013	10	1	"Sweden"	15.51458	57.98852	2080031960	10.7889814793	2.32534476023
"1342"	2004	2013	10	1	"Sweden"	14.14056	57.99223	2080031960	10.7889814793	2.32534476023
"1343"	2004	2013	10	1	"Sweden"	14.43121	57.9975	2080031960	10.7889814793	2.32534476023
"1350"	2004	2013	10	0.9	"Sweden"	15.66028	58.03716	2080031960	10.7889814793	2.32534476023
"1361"	2004	2013	10	1	"Sweden"	14.16387	58.11851	2080031960	10.7889814793	2.32534476023
"1368"	2004	2013	10	1	"Sweden"	15.03891	58.16782	2080031960	10.7889814793	2.32534476023
"1406"	2004	2013	10	1	"Sweden"	14.54621	58.63407	2080031960	10.7889814793	2.32534476023
"1124"	2004	2013	10	0.8	"Sweden"	16.48215	57.1254	2080032230	5.81624099215	0.678900351766
"1126"	2004	2013	10	0.9	"Sweden"	16.32119	57.12743	2080032230	5.81624099215	0.678900351766
"1128"	2004	2013	10	0.9	"Sweden"	16.48466	57.12728	2080032230	5.81624099215	0.678900351766
"1132"	2004	2013	10	0.8	"Sweden"	16.25931	57.13044	2080032230	5.81624099215	0.678900351766
"1146"	2004	2013	10	1	"Sweden"	15.91063	57.21177	2080032230	5.81624099215	0.678900351766
"1149"	2004	2013	10	1	"Sweden"	15.84645	57.23677	2080032230	5.81624099215	0.678900351766
"1150"	2004	2013	10	1	"Sweden"	15.85323	57.23722	2080032230	5.81624099215	0.678900351766
"1152"	2004	2013	10	1	"Sweden"	15.83519	57.23857	2080032230	5.81624099215	0.678900351766
"1154"	2004	2013	10	1	"Sweden"	15.39769	57.24958	2080032230	5.81624099215	0.678900351766
"1173"	2004	2013	10	1	"Sweden"	15.46663	57.42731	2080032230	5.81624099215	0.678900351766
"1177"	2004	2013	10	1	"Sweden"	15.39315	57.43409	2080032230	5.81624099215	0.678900351766
"1184"	2004	2013	10	1	"Sweden"	14.96078	57.4472	2080032230	5.81624099215	0.678900351766
"1245"	2004	2013	10	0.8	"Sweden"	15.17386	57.64627	2080032230	5.81624099215	0.678900351766
"1279"	2004	2013	10	1	"Sweden"	15.38818	57.72231	2080032230	5.81624099215	0.678900351766
"1280"	2004	2013	10	1	"Sweden"	15.38901	57.72321	2080032230	5.81624099215	0.678900351766
"1104"	2004	2013	10	0.9	"Sweden"	14.68333	57.01533	2080032600	5.34434095175	0.507730036247
"1123"	2004	2013	10	1	"Sweden"	15.17702	57.12367	2080032600	5.34434095175	0.507730036247
"1127"	2004	2013	10	0.9	"Sweden"	15.18505	57.12739	2080032600	5.34434095175	0.507730036247
"1141"	2004	2013	10	1	"Sweden"	15.13786	57.18067	2080032600	5.34434095175	0.507730036247
"1196"	2005	2013	9	0.888888888888889	"Sweden"	14.75027	56.17385	2080032600	5.34434095175	0.507730036247
"1229"	2004	2013	10	0.8	"Sweden"	14.74756	56.19996	2080032600	5.34434095175	0.507730036247
"1240"	2004	2013	10	0.8	"Sweden"	14.7552	56.21485	2080032600	5.34434095175	0.507730036247
"1340"	2004	2013	10	0.8	"Sweden"	14.7617	56.22469	2080032600	5.34434095175	0.507730036247
"1429"	2004	2013	10	0.9	"Sweden"	14.74746	56.29113	2080032600	5.34434095175	0.507730036247
"1440"	2004	2013	10	0.9	"Sweden"	14.7442	56.29199	2080032600	5.34434095175	0.507730036247
"1096"	2004	2013	10	1	"Sweden"	14.46784	56.04277	2080032650	2.18972606591	0.170284849181
"1318"	2004	2013	10	1	"Sweden"	14.52485	56.22031	2080032650	2.18972606591	0.170284849181
"1362"	2004	2013	10	1	"Sweden"	14.52644	56.23559	2080032650	2.18972606591	0.170284849181
"1451"	2004	2013	10	1	"Sweden"	14.40121	56.29522	2080032650	2.18972606591	0.170284849181
"1529"	2004	2013	10	1	"Sweden"	14.38216	56.38581	2080032650	2.18972606591	0.170284849181
"1540"	2004	2013	10	1	"Sweden"	14.38373	56.38718	2080032650	2.18972606591	0.170284849181
"1551"	2004	2013	10	1	"Sweden"	14.3828	56.39032	2080032650	2.18972606591	0.170284849181
"1684"	2004	2013	10	0.9	"Sweden"	14.59557	56.47206	2080032650	2.18972606591	0.170284849181
"1180"	2004	2013	10	0.9	"Sweden"	14.48663	57.4319	2080033010	7.19638967078	0.933531941192
"1208"	2004	2013	10	1	"Sweden"	14.13307	57.53995	2080033010	7.19638967078	0.933531941192
"1213"	2004	2013	10	1	"Sweden"	14.12241	57.54925	2080033010	7.19638967078	0.933531941192
"1215"	2004	2013	10	1	"Sweden"	14.30489	57.55964	2080033010	7.19638967078	0.933531941192
"1216"	2004	2013	10	1	"Sweden"	14.11031	57.55807	2080033010	7.19638967078	0.933531941192
"1217"	2004	2013	10	1	"Sweden"	14.3156	57.56335	2080033010	7.19638967078	0.933531941192
"1219"	2004	2013	10	1	"Sweden"	14.31889	57.56474	2080033010	7.19638967078	0.933531941192
"1762"	2004	2013	10	1	"Sweden"	13.36089	56.56829	2080033010	7.19638967078	0.933531941192
"1773"	2004	2013	10	1	"Sweden"	13.30636	56.56778	2080033010	7.19638967078	0.933531941192
"1784"	2004	2013	10	1	"Sweden"	13.30078	56.571	2080033010	7.19638967078	0.933531941192
"1817"	2004	2013	10	1	"Sweden"	13.36687	56.58062	2080033010	7.19638967078	0.933531941192
"1884"	2004	2013	10	1	"Sweden"	13.29648	56.59408	2080033010	7.19638967078	0.933531941192
"915"	2004	2013	10	0.9	"Sweden"	13.07025	56.70476	2080033020	1.87945455508	0.0972986349314
"970"	2004	2013	10	0.9	"Sweden"	13.04698	56.71719	2080033020	1.87945455508	0.0972986349314
"981"	2004	2013	10	1	"Sweden"	13.10282	56.72883	2080033020	1.87945455508	0.0972986349314
"992"	2004	2013	10	1	"Sweden"	13.10398	56.73541	2080033020	1.87945455508	0.0972986349314
"1071"	2004	2013	10	0.9	"Sweden"	13.19466	56.78334	2080033020	1.87945455508	0.0972986349314
"1829"	2004	2013	10	0.9	"Sweden"	13.07844	56.57863	2080033020	1.87945455508	0.0972986349314
"1906"	2004	2013	10	1	"Sweden"	13.12649	56.60055	2080033020	1.87945455508	0.0972986349314
"1940"	2004	2013	10	1	"Sweden"	13.20762	56.62094	2080033020	1.87945455508	0.0972986349314
"1962"	2004	2013	10	1	"Sweden"	13.06206	56.63851	2080033020	1.87945455508	0.0972986349314
"1973"	2004	2013	10	1	"Sweden"	13.07866	56.66469	2080033020	1.87945455508	0.0972986349314
"1995"	2004	2013	10	0.8	"Sweden"	12.92841	56.66922	2080033020	1.87945455508	0.0972986349314
"2006"	2004	2013	10	1	"Sweden"	12.98327	56.68725	2080033020	1.87945455508	0.0972986349314
"2039"	2004	2013	10	1	"Sweden"	13.03063	56.70074	2080033020	1.87945455508	0.0972986349314
"926"	2005	2013	9	1	"Sweden"	12.9415	56.70342	2080033080	4.95432197252	0.386838853708
"1004"	2004	2013	10	0.9	"Sweden"	12.9736	56.74646	2080033080	4.95432197252	0.386838853708
"1015"	2004	2013	10	1	"Sweden"	13.00312	56.75785	2080033080	4.95432197252	0.386838853708
"1026"	2004	2013	10	1	"Sweden"	12.98176	56.76174	2080033080	4.95432197252	0.386838853708
"1073"	2004	2013	10	0.9	"Sweden"	13.02877	56.79911	2080033080	4.95432197252	0.386838853708
"1076"	2004	2013	10	1	"Sweden"	13.05695	56.81758	2080033080	4.95432197252	0.386838853708
"1094"	2004	2013	10	0.9	"Sweden"	13.06511	56.93222	2080033080	4.95432197252	0.386838853708
"1095"	2004	2013	10	1	"Sweden"	13.0705	56.94177	2080033080	4.95432197252	0.386838853708
"1114"	2004	2013	10	0.9	"Sweden"	13.1142	57.0445	2080033080	4.95432197252	0.386838853708
"1168"	2004	2013	10	1	"Sweden"	13.53226	57.32802	2080033080	4.95432197252	0.386838853708
"1192"	2004	2013	10	0.9	"Sweden"	13.68974	57.46281	2080033080	4.95432197252	0.386838853708
"1224"	2005	2013	9	1	"Sweden"	13.72862	57.57077	2080033080	4.95432197252	0.386838853708
"1226"	2004	2013	10	0.9	"Sweden"	13.72212	57.5819	2080033080	4.95432197252	0.386838853708
"1234"	2004	2013	10	1	"Sweden"	13.77372	57.60115	2080033080	4.95432197252	0.386838853708
"1247"	2004	2013	10	0.9	"Sweden"	13.6589	57.63338	2080033080	4.95432197252	0.386838853708
"1249"	2004	2013	10	0.9	"Sweden"	13.89878	57.64083	2080033080	4.95432197252	0.386838853708
"1261"	2004	2013	10	0.9	"Sweden"	13.79696	57.66327	2080033080	4.95432197252	0.386838853708
"1264"	2004	2013	10	0.9	"Sweden"	13.90452	57.66875	2080033080	4.95432197252	0.386838853708
"1283"	2004	2013	10	1	"Sweden"	13.81509	57.71632	2080033080	4.95432197252	0.386838853708
"1293"	2004	2013	10	1	"Sweden"	13.91398	57.75106	2080033080	4.95432197252	0.386838853708
"1120"	2004	2013	10	1	"Sweden"	12.69838	57.05228	2080033120	5.71782533538	0.523304710242
"1121"	2005	2013	9	1	"Sweden"	12.67054	57.0553	2080033120	5.71782533538	0.523304710242
"1135"	2004	2013	10	0.9	"Sweden"	12.67887	57.10252	2080033120	5.71782533538	0.523304710242
"1139"	2004	2013	10	0.9	"Sweden"	12.72464	57.13973	2080033120	5.71782533538	0.523304710242
"1145"	2004	2013	10	0.9	"Sweden"	12.77766	57.17098	2080033120	5.71782533538	0.523304710242
"1147"	2004	2013	10	0.9	"Sweden"	12.77255	57.17669	2080033120	5.71782533538	0.523304710242
"1153"	2004	2013	10	0.9	"Sweden"	12.81408	57.20382	2080033120	5.71782533538	0.523304710242
"1155"	2004	2013	10	1	"Sweden"	12.78736	57.23315	2080033120	5.71782533538	0.523304710242
"1156"	2004	2013	10	1	"Sweden"	12.43587	57.24815	2080033190	4.15591821526	0.327980278901
"1164"	2004	2013	10	0.9	"Sweden"	12.39137	57.29366	2080033190	4.15591821526	0.327980278901
"1190"	2004	2013	10	0.9	"Sweden"	12.41718	57.43209	2080033190	4.15591821526	0.327980278901
"1197"	2004	2013	10	0.9	"Sweden"	12.71534	57.48197	2080033190	4.15591821526	0.327980278901
"1201"	2004	2013	10	1	"Sweden"	12.84657	57.50345	2080033190	4.15591821526	0.327980278901
"1227"	2004	2013	10	0.9	"Sweden"	12.53198	57.55686	2080033190	4.15591821526	0.327980278901
"1233"	2004	2013	10	1	"Sweden"	12.55561	57.57279	2080033190	4.15591821526	0.327980278901
"1268"	2004	2013	10	1	"Sweden"	13.0482	57.67004	2080033190	4.15591821526	0.327980278901
"1324"	2004	2013	10	1	"Sweden"	13.68031	57.88253	2080033320	29.1701336891	7.99509986951
"1347"	2004	2013	10	0.8	"Sweden"	12.19109	57.97713	2080033320	29.1701336891	7.99509986951
"1348"	2004	2013	10	0.8	"Sweden"	12.08636	57.97713	2080033320	29.1701336891	7.99509986951
"1354"	2004	2013	10	0.9	"Sweden"	12.33947	58.00842	2080033320	29.1701336891	7.99509986951
"1355"	2004	2013	10	0.9	"Sweden"	12.23081	58.00635	2080033320	29.1701336891	7.99509986951
"1365"	2004	2013	10	0.8	"Sweden"	12.12272	58.09998	2080033320	29.1701336891	7.99509986951
"1426"	2004	2013	10	0.8	"Sweden"	12.18428	58.78746	2080033320	29.1701336891	7.99509986951
"1468"	2004	2013	10	1	"Sweden"	12.37636	59.12011	2080033320	29.1701336891	7.99509986951
"1476"	2004	2013	10	1	"Sweden"	14.52332	59.4763	2080033320	29.1701336891	7.99509986951
"1477"	2004	2013	10	1	"Sweden"	14.5178	59.48253	2080033320	29.1701336891	7.99509986951
"1478"	2004	2013	10	1	"Sweden"	14.51589	59.48629	2080033320	29.1701336891	7.99509986951
"1505"	2004	2013	10	1	"Sweden"	13.48857	59.88652	2080033320	29.1701336891	7.99509986951
"1514"	2004	2013	10	0.9	"Sweden"	14.59067	60.05596	2080033320	29.1701336891	7.99509986951
"1546"	2004	2013	10	0.8	"Sweden"	13.61831	60.544	2080033320	29.1701336891	7.99509986951
"2178"	2004	2013	10	0.9	"UK"	-1.952879143	51.02797	2080048980	3.47967627989	0.379419852214
"2253"	2004	2013	10	0.9	"UK"	-1.797747531	50.83837	2080048980	3.47967627989	0.379419852214
"2255"	2004	2013	10	1	"UK"	-1.818289892	51.09611	2080048980	3.47967627989	0.379419852214
"2257"	2004	2013	10	1	"UK"	-1.866623949	51.08285	2080048980	3.47967627989	0.379419852214
"2258"	2004	2013	10	0.9	"UK"	-1.800358881	51.07169	2080048980	3.47967627989	0.379419852214
"2259"	2004	2013	10	1	"UK"	-1.780167006	51.07082	2080048980	3.47967627989	0.379419852214
"2262"	2004	2013	10	1	"UK"	-1.866970651	51.03652	2080048980	3.47967627989	0.379419852214
"2739"	2004	2012	9	0.888888888888889	"UK"	-2.002790118	50.86071	2080048980	3.47967627989	0.379419852214
"2750"	2004	2013	10	0.9	"UK"	-2.275190158	51.03394	2080048980	3.47967627989	0.379419852214
"2751"	2004	2013	10	0.8	"UK"	-2.283708291	51.02762	2080048980	3.47967627989	0.379419852214
"2720"	2004	2013	10	0.9	"UK"	-3.543820552	51.10437	2080049120	3.08085945511	0.159479732137
"2762"	2004	2012	9	0.888888888888889	"UK"	-3.69097837	51.14828	2080049120	3.08085945511	0.159479732137
"2763"	2004	2013	10	0.9	"UK"	-3.593001543	51.11396	2080049120	3.08085945511	0.159479732137
"2764"	2004	2013	10	0.9	"UK"	-3.507595183	51.04899	2080049120	3.08085945511	0.159479732137
"2765"	2004	2013	10	0.9	"UK"	-3.516492228	51.02873	2080049120	3.08085945511	0.159479732137
"2766"	2004	2013	10	0.9	"UK"	-3.488111024	51.05536	2080049120	3.08085945511	0.159479732137
"2767"	2004	2013	10	0.9	"UK"	-3.815246751	51.14516	2080049120	3.08085945511	0.159479732137
"2768"	2004	2013	10	0.9	"UK"	-3.757506095	51.13813	2080049120	3.08085945511	0.159479732137
"2769"	2004	2012	9	1	"UK"	-3.768105545	51.13869	2080049120	3.08085945511	0.159479732137
"2770"	2004	2012	9	0.888888888888889	"UK"	-3.711126947	51.10932	2080049120	3.08085945511	0.159479732137
"2536"	2004	2013	10	0.9	"UK"	-4.069578544	50.44473	2080049180	2.38173217879	0.132142748174
"2546"	2004	2013	10	0.9	"UK"	-4.045357493	50.48501	2080049180	2.38173217879	0.132142748174
"2547"	2004	2013	10	0.9	"UK"	-4.079948481	50.48205	2080049180	2.38173217879	0.132142748174
"2548"	2004	2013	10	0.9	"UK"	-4.072584572	50.46195	2080049180	2.38173217879	0.132142748174
"2565"	2004	2013	10	0.9	"UK"	-4.075339438	50.60516	2080049180	2.38173217879	0.132142748174
"2566"	2004	2013	10	0.9	"UK"	-4.105341277	50.58674	2080049180	2.38173217879	0.132142748174
"2568"	2004	2013	10	0.9	"UK"	-4.074268286	50.6033	2080049180	2.38173217879	0.132142748174
"2571"	2004	2013	10	0.9	"UK"	-4.191082096	50.56546	2080049180	2.38173217879	0.132142748174
"2572"	2004	2013	10	1	"UK"	-4.057384602	50.53048	2080049180	2.38173217879	0.132142748174
"2642"	2004	2013	10	0.9	"UK"	-3.976294383	50.36594	2080049180	2.38173217879	0.132142748174
"2644"	2004	2013	10	0.9	"UK"	-3.960572027	50.41433	2080049180	2.38173217879	0.132142748174
"2756"	2004	2013	10	0.9	"UK"	-3.833773623	50.41496	2080049180	2.38173217879	0.132142748174
"2761"	2004	2013	10	0.9	"UK"	-3.91545543	50.43343	2080049180	2.38173217879	0.132142748174
"2108"	2004	2013	10	0.9	"UK"	-4.261625037	50.65252	2080049290	2.09747470127	0.122579597802
"2110"	2004	2013	10	1	"UK"	-4.132955035	50.63442	2080049290	2.09747470127	0.122579597802
"2111"	2004	2013	10	1	"UK"	-4.221700848	50.63303	2080049290	2.09747470127	0.122579597802
"2112"	2004	2013	10	0.9	"UK"	-4.257212168	50.64369	2080049290	2.09747470127	0.122579597802
"2115"	2004	2013	10	1	"UK"	-4.22911245	50.66294	2080049290	2.09747470127	0.122579597802
"2651"	2004	2013	10	1	"UK"	-4.43896945	50.82302	2080049290	2.09747470127	0.122579597802
"2657"	2004	2013	10	1	"UK"	-4.453575814	50.65187	2080049290	2.09747470127	0.122579597802
"2658"	2004	2013	10	1	"UK"	-4.165842949	50.65551	2080049290	2.09747470127	0.122579597802
"2552"	2004	2013	10	0.9	"UK"	-4.732622021	50.57955	2080049300	8.26940929101	0.433353965335
"2554"	2004	2013	10	1	"UK"	-4.50105235	50.38691	2080049300	8.26940929101	0.433353965335
"2564"	2004	2013	10	1	"UK"	-4.472814355	50.43335	2080049300	8.26940929101	0.433353965335
"2659"	2004	2013	10	1	"UK"	-4.472302102	50.58844	2080049300	8.26940929101	0.433353965335
"2661"	2004	2013	10	1	"UK"	-4.373147403	50.51565	2080049300	8.26940929101	0.433353965335
"2662"	2004	2013	10	1	"UK"	-4.677860326	50.63441	2080049300	8.26940929101	0.433353965335
"2663"	2004	2012	9	1	"UK"	-4.699301159	50.56998	2080049300	8.26940929101	0.433353965335
"2666"	2004	2013	10	1	"UK"	-4.702235595	50.53241	2080049300	8.26940929101	0.433353965335
"2690"	2004	2013	10	1	"UK"	-4.5243514	50.48616	2080049300	8.26940929101	0.433353965335
"2693"	2004	2013	10	1	"UK"	-4.598006217	50.48728	2080049300	8.26940929101	0.433353965335
"2697"	2004	2013	10	1	"UK"	-4.679067464	50.46847	2080049300	8.26940929101	0.433353965335
"2417"	2004	2013	10	0.9	"UK"	-2.999766763	54.67904	2080050770	4.09235251886	0.326536295215
"2418"	2004	2013	10	1	"UK"	-2.873428554	54.62996	2080050770	4.09235251886	0.326536295215
"2419"	2004	2013	10	0.9	"UK"	-2.688348068	54.50238	2080050770	4.09235251886	0.326536295215
"2420"	2004	2013	10	0.9	"UK"	-2.796412577	54.57065	2080050770	4.09235251886	0.326536295215
"2421"	2004	2013	10	0.9	"UK"	-2.928457176	54.4989	2080050770	4.09235251886	0.326536295215
"2422"	2004	2013	10	1	"UK"	-2.897833132	54.54586	2080050770	4.09235251886	0.326536295215
"2423"	2004	2013	10	0.9	"UK"	-2.74012155	54.97146	2080050770	4.09235251886	0.326536295215
"2424"	2004	2013	10	1	"UK"	-2.698759033	54.93746	2080050770	4.09235251886	0.326536295215
"2425"	2004	2013	10	0.9	"UK"	-2.580199979	54.99281	2080050770	4.09235251886	0.326536295215
"2426"	2004	2013	10	1	"UK"	-2.848337887	54.68669	2080050770	4.09235251886	0.326536295215
"2427"	2004	2013	10	1	"UK"	-2.793779304	54.72469	2080050770	4.09235251886	0.326536295215
"2428"	2004	2013	10	1	"UK"	-2.592482756	54.58441	2080050770	4.09235251886	0.326536295215
"2429"	2004	2013	10	0.9	"UK"	-2.409395375	54.4721	2080050770	4.09235251886	0.326536295215
"2430"	2004	2013	10	1	"UK"	-2.423786351	54.41483	2080050770	4.09235251886	0.326536295215
"2431"	2004	2013	10	0.9	"UK"	-2.449668366	54.52828	2080050770	4.09235251886	0.326536295215
"2432"	2004	2013	10	1	"UK"	-2.623767024	54.75519	2080050770	4.09235251886	0.326536295215
"2433"	2004	2013	10	1	"UK"	-2.596737215	54.68696	2080050770	4.09235251886	0.326536295215
"2434"	2004	2013	10	1	"UK"	-3.053121843	54.74919	2080050770	4.09235251886	0.326536295215
"2435"	2004	2013	10	1	"UK"	-3.08846258	54.73976	2080050770	4.09235251886	0.326536295215
"2437"	2004	2013	10	1	"UK"	-3.03358349	54.70552	2080050770	4.09235251886	0.326536295215
"2438"	2004	2013	10	1	"UK"	-2.338891216	54.41952	2080050770	4.09235251886	0.326536295215
"2274"	2004	2013	10	0.9	"UK"	-1.60141854	54.51794	2080053100	4.00209132489	0.25370242377
"2316"	2004	2013	10	0.9	"UK"	-2.03867721	54.61385	2080053100	4.00209132489	0.25370242377
"2317"	2004	2013	10	0.9	"UK"	-1.566213648	54.48726	2080053100	4.00209132489	0.25370242377
"2318"	2004	2013	10	0.9	"UK"	-1.672325171	54.53703	2080053100	4.00209132489	0.25370242377
"2319"	2004	2013	10	0.9	"UK"	-1.933499201	54.54464	2080053100	4.00209132489	0.25370242377
"2320"	2004	2013	10	0.8	"UK"	-1.928544672	54.49599	2080053100	4.00209132489	0.25370242377
"2321"	2004	2013	10	0.9	"UK"	-1.904257639	54.4898	2080053100	4.00209132489	0.25370242377
"2322"	2004	2013	10	0.9	"UK"	-1.98295042	54.57701	2080053100	4.00209132489	0.25370242377
"2323"	2004	2013	10	0.9	"UK"	-2.05880884	54.61564	2080053100	4.00209132489	0.25370242377
"2324"	2004	2013	10	0.9	"UK"	-2.145641097	54.64882	2080053100	4.00209132489	0.25370242377
"2381"	2004	2013	10	0.8	"UK"	-1.553914094	54.48273	2080053100	4.00209132489	0.25370242377
"2382"	2004	2013	10	0.8	"UK"	-1.501406612	54.48522	2080053100	4.00209132489	0.25370242377
"2683"	2004	2013	10	0.8	"UK"	-1.437886628	54.48882	2080053100	4.00209132489	0.25370242377
"2684"	2004	2013	10	0.8	"UK"	-1.521382564	54.485	2080053100	4.00209132489	0.25370242377
"2685"	2004	2013	10	0.8	"UK"	-1.584536027	54.5071	2080053100	4.00209132489	0.25370242377
"2694"	2004	2013	10	0.9	"UK"	-2.021641572	54.60756	2080053100	4.00209132489	0.25370242377
"2152"	2004	2013	10	0.9	"UK"	-2.074867707	54.1696	2080053240	7.41454154033	1.28243735657
"2172"	2004	2013	10	1	"UK"	-1.952775606	53.66419	2080053240	7.41454154033	1.28243735657
"2192"	2004	2013	10	1	"UK"	-1.318253335	54.36512	2080053240	7.41454154033	1.28243735657
"2312"	2004	2013	10	0.8	"UK"	-0.79781576	54.2088	2080053240	7.41454154033	1.28243735657
"2345"	2004	2013	10	0.9	"UK"	-1.236551088	54.03536	2080053240	7.41454154033	1.28243735657
"2346"	2004	2013	10	0.9	"UK"	-1.195747243	54.01352	2080053240	7.41454154033	1.28243735657
"2347"	2004	2013	10	0.9	"UK"	-1.099108815	53.89509	2080053240	7.41454154033	1.28243735657
"2348"	2004	2013	10	0.8	"UK"	-1.099108815	53.89509	2080053240	7.41454154033	1.28243735657
"2352"	2005	2013	9	1	"UK"	-0.469515139	54.25725	2080053240	7.41454154033	1.28243735657
"2359"	2004	2013	10	0.9	"UK"	-1.897651031	54.04223	2080053240	7.41454154033	1.28243735657
"2364"	2004	2013	10	0.9	"UK"	-1.824821004	54.29379	2080053240	7.41454154033	1.28243735657
"2365"	2004	2013	10	0.9	"UK"	-1.79716675	54.29375	2080053240	7.41454154033	1.28243735657
"2367"	2004	2013	10	0.8	"UK"	-1.973856615	54.27954	2080053240	7.41454154033	1.28243735657
"2368"	2004	2013	10	0.9	"UK"	-1.940015153	54.31637	2080053240	7.41454154033	1.28243735657
"2371"	2004	2013	10	0.9	"UK"	-0.507032992	54.28109	2080053240	7.41454154033	1.28243735657
"2372"	2004	2013	10	0.9	"UK"	-0.653791188	54.30259	2080053240	7.41454154033	1.28243735657
"2373"	2004	2013	10	1	"UK"	-0.999719441	54.30333	2080053240	7.41454154033	1.28243735657
"2375"	2004	2013	10	1	"UK"	-0.887572348	54.35261	2080053240	7.41454154033	1.28243735657
"2376"	2004	2013	10	1	"UK"	-0.779986072	54.24461	2080053240	7.41454154033	1.28243735657
"2512"	2004	2013	10	1	"UK"	-2.321468889	54.34562	2080053240	7.41454154033	1.28243735657
"2513"	2004	2013	10	0.8	"UK"	-2.219769922	54.31349	2080053240	7.41454154033	1.28243735657
"2514"	2004	2013	10	1	"UK"	-2.021480005	54.3038	2080053240	7.41454154033	1.28243735657
"2515"	2004	2013	10	1	"UK"	-1.682765412	54.21821	2080053240	7.41454154033	1.28243735657
"2516"	2004	2013	10	0.9	"UK"	-1.620388567	54.13694	2080053240	7.41454154033	1.28243735657
"2517"	2004	2013	10	0.9	"UK"	-1.545531674	54.1241	2080053240	7.41454154033	1.28243735657
"2524"	2004	2013	10	0.9	"UK"	-1.457131628	54.09767	2080053240	7.41454154033	1.28243735657
"2576"	2004	2013	10	0.8	"UK"	-1.433914096	54.00589	2080053240	7.41454154033	1.28243735657
"2580"	2004	2013	10	0.8	"UK"	-1.400775516	53.97607	2080053240	7.41454154033	1.28243735657
"2582"	2004	2013	10	0.8	"UK"	-1.328455048	53.96976	2080053240	7.41454154033	1.28243735657
"2583"	2004	2013	10	0.9	"UK"	-2.152692662	54.06065	2080053240	7.41454154033	1.28243735657
"2585"	2004	2013	10	0.9	"UK"	-2.154608078	54.04576	2080053240	7.41454154033	1.28243735657
"2599"	2004	2013	10	0.8	"UK"	-1.230958297	54.00746	2080053240	7.41454154033	1.28243735657
"2619"	2004	2013	10	0.8	"UK"	-1.286266656	53.98533	2080053240	7.41454154033	1.28243735657
"2624"	2004	2013	10	0.9	"UK"	-1.179380979	54.30192	2080053240	7.41454154033	1.28243735657
"2632"	2004	2013	10	0.9	"UK"	-1.162479524	54.3018	2080053240	7.41454154033	1.28243735657
"2677"	2004	2013	10	0.9	"UK"	-1.873601337	53.68278	2080053240	7.41454154033	1.28243735657
"2680"	2004	2013	10	0.9	"UK"	-1.813219857	53.6969	2080053240	7.41454154033	1.28243735657
"2705"	2004	2013	10	1	"UK"	-2.198550701	54.40758	2080053240	7.41454154033	1.28243735657
"2706"	2004	2013	10	1	"UK"	-2.14687173	54.37551	2080053240	7.41454154033	1.28243735657
"2707"	2004	2013	10	1	"UK"	-2.104639313	54.37296	2080053240	7.41454154033	1.28243735657
"2709"	2004	2013	10	1	"UK"	-2.078484819	54.38017	2080053240	7.41454154033	1.28243735657
"2710"	2004	2013	10	1	"UK"	-2.055360757	54.35772	2080053240	7.41454154033	1.28243735657
"2711"	2004	2013	10	0.9	"UK"	-1.916821635	54.38376	2080053240	7.41454154033	1.28243735657
"2712"	2004	2013	10	1	"UK"	-1.992138599	54.41563	2080053240	7.41454154033	1.28243735657
"2713"	2004	2013	10	1	"UK"	-1.628057325	54.30593	2080053240	7.41454154033	1.28243735657
"2071"	2004	2013	10	0.9	"UK"	-0.87147548	51.55877	2080053790	9.72602719202	1.7346222576
"2072"	2004	2013	10	0.9	"UK"	-0.964095621	51.46111	2080053790	9.72602719202	1.7346222576
"2073"	2004	2013	10	1	"UK"	-0.884627149	51.50053	2080053790	9.72602719202	1.7346222576
"2074"	2004	2013	10	1	"UK"	-1.088654451	51.48619	2080053790	9.72602719202	1.7346222576
"2084"	2004	2013	10	1	"UK"	-0.488870916	51.49155	2080053790	9.72602719202	1.7346222576
"2091"	2004	2013	10	0.9	"UK"	0.176996079	51.31995	2080053790	9.72602719202	1.7346222576
"2100"	2004	2013	10	1	"UK"	-0.031338075	51.62855	2080053790	9.72602719202	1.7346222576
"2117"	2004	2013	10	1	"UK"	0.168965788	51.83145	2080053790	9.72602719202	1.7346222576
"2141"	2004	2013	10	0.9	"UK"	-1.534044019	51.69872	2080053790	9.72602719202	1.7346222576
"2143"	2004	2013	10	0.9	"UK"	-1.299828648	51.78028	2080053790	9.72602719202	1.7346222576
"2149"	2004	2013	10	0.9	"UK"	-0.073091063	51.80233	2080053790	9.72602719202	1.7346222576
"2153"	2004	2013	10	0.8	"UK"	-0.03812952	51.56119	2080053790	9.72602719202	1.7346222576
"2176"	2005	2013	9	1	"UK"	-0.595823795	51.49157	2080053790	9.72602719202	1.7346222576
"2177"	2004	2013	10	1	"UK"	-0.596139006	51.49257	2080053790	9.72602719202	1.7346222576
"2191"	2004	2013	10	0.9	"UK"	-1.084196088	51.47724	2080053790	9.72602719202	1.7346222576
"2290"	2004	2013	10	1	"UK"	-0.629997196	51.49185	2080053790	9.72602719202	1.7346222576
"2475"	2004	2012	9	0.888888888888889	"UK"	-1.306414013	52.04714	2080053790	9.72602719202	1.7346222576
"2541"	2004	2013	10	0.9	"UK"	-1.792057273	51.66122	2080053790	9.72602719202	1.7346222576
"2543"	2004	2013	10	0.9	"UK"	-1.821892109	51.64401	2080053790	9.72602719202	1.7346222576
"2551"	2004	2013	10	1	"UK"	-1.14082107	51.52746	2080053790	9.72602719202	1.7346222576
"2553"	2004	2013	10	1	"UK"	-1.05782294	51.4923	2080053790	9.72602719202	1.7346222576
"2560"	2004	2013	10	1	"UK"	-0.880675368	51.51423	2080053790	9.72602719202	1.7346222576
"2561"	2004	2013	10	1	"UK"	-0.939303537	51.46194	2080053790	9.72602719202	1.7346222576
"2562"	2004	2013	10	1	"UK"	-0.8497534	51.54609	2080053790	9.72602719202	1.7346222576
"2586"	2004	2013	10	0.9	"UK"	0.145726789	51.65748	2080053790	9.72602719202	1.7346222576
"2590"	2004	2013	10	1	"UK"	-0.791384474	51.55283	2080053790	9.72602719202	1.7346222576
"2591"	2004	2013	10	1	"UK"	-0.764732004	51.56606	2080053790	9.72602719202	1.7346222576
"2594"	2004	2013	10	1	"UK"	-0.698025412	51.53598	2080053790	9.72602719202	1.7346222576
"2596"	2004	2013	10	1	"UK"	-0.690948679	51.54744	2080053790	9.72602719202	1.7346222576
"2597"	2004	2013	10	1	"UK"	-0.688738796	51.50891	2080053790	9.72602719202	1.7346222576
"2598"	2004	2013	10	1	"UK"	-0.691591541	51.50893	2080053790	9.72602719202	1.7346222576
"2600"	2004	2013	10	1	"UK"	-0.288349136	51.81448	2080053790	9.72602719202	1.7346222576
"2605"	2004	2013	10	0.9	"UK"	-0.60524966	51.4914	2080053790	9.72602719202	1.7346222576
"2606"	2004	2013	10	1	"UK"	-0.606427707	51.48819	2080053790	9.72602719202	1.7346222576
"2607"	2004	2013	10	1	"UK"	-0.575535329	51.46914	2080053790	9.72602719202	1.7346222576
"2608"	2004	2013	10	1	"UK"	-0.486391134	51.39586	2080053790	9.72602719202	1.7346222576
"2609"	2004	2013	10	1	"UK"	-0.50209107	51.41337	2080053790	9.72602719202	1.7346222576
"2611"	2004	2013	10	1	"UK"	-0.461454564	51.38119	2080053790	9.72602719202	1.7346222576
"2612"	2004	2013	10	1	"UK"	-0.439373832	51.38355	2080053790	9.72602719202	1.7346222576
"2613"	2004	2013	10	0.9	"UK"	-0.349007394	51.40798	2080053790	9.72602719202	1.7346222576
"2614"	2004	2013	10	0.9	"UK"	-0.344885911	51.40426	2080053790	9.72602719202	1.7346222576
"2617"	2004	2013	10	1	"UK"	-0.016695484	51.67207	2080053790	9.72602719202	1.7346222576
"2625"	2004	2013	10	0.9	"UK"	-1.70397844	51.68645	2080053790	9.72602719202	1.7346222576
"2629"	2004	2013	10	1	"UK"	-1.23308808	51.70774	2080053790	9.72602719202	1.7346222576
"2630"	2004	2012	9	0.888888888888889	"UK"	-1.244174428	51.81968	2080053790	9.72602719202	1.7346222576
"2633"	2004	2012	9	0.888888888888889	"UK"	-0.506650927	51.4623	2080053790	9.72602719202	1.7346222576
"2634"	2004	2013	10	0.9	"UK"	-0.537246847	51.4459	2080053790	9.72602719202	1.7346222576
"2646"	2004	2013	10	1	"UK"	-1.239554436	51.71826	2080053790	9.72602719202	1.7346222576
"2647"	2004	2013	10	1	"UK"	-1.28321143	51.66431	2080053790	9.72602719202	1.7346222576
"2649"	2004	2013	10	1	"UK"	-1.242773329	51.64508	2080053790	9.72602719202	1.7346222576
"2653"	2004	2013	10	1	"UK"	-1.143638397	51.62774	2080053790	9.72602719202	1.7346222576
"2672"	2004	2013	10	1	"UK"	-1.194699008	51.65846	2080053790	9.72602719202	1.7346222576
"2673"	2004	2013	10	1	"UK"	-1.742552765	51.92684	2080053790	9.72602719202	1.7346222576
"2675"	2004	2013	10	1	"UK"	-1.538478327	51.79762	2080053790	9.72602719202	1.7346222576
"26"	2004	2013	10	1	"Australia"	153.0026	-27.41626	5080070390	7.04591735718	1.2427153883
"33"	2004	2013	10	1	"Australia"	152.1829	-26.6252	5080070390	7.04591735718	1.2427153883
"34"	2004	2013	10	1	"Australia"	152.2488	-26.57197	5080070390	7.04591735718	1.2427153883
"35"	2004	2013	10	0.9	"Australia"	152.3809	-26.8806	5080070390	7.04591735718	1.2427153883
"36"	2004	2013	10	1	"Australia"	152.2814	-26.78268	5080070390	7.04591735718	1.2427153883
"37"	2004	2013	10	0.8	"Australia"	152.2928	-26.96295	5080070390	7.04591735718	1.2427153883
"40"	2004	2013	10	0.8	"Australia"	152.3361	-27.03113	5080070390	7.04591735718	1.2427153883
"41"	2004	2013	10	1	"Australia"	152.3138	-27.15133	5080070390	7.04591735718	1.2427153883
"42"	2004	2013	10	1	"Australia"	152.3094	-26.89513	5080070390	7.04591735718	1.2427153883
"43"	2004	2013	10	1	"Australia"	152.4379	-27.2282	5080070390	7.04591735718	1.2427153883
"44"	2004	2013	10	0.9	"Australia"	152.6399	-27.1299	5080070390	7.04591735718	1.2427153883
"45"	2004	2013	10	0.9	"Australia"	152.5554	-27.2246	5080070390	7.04591735718	1.2427153883
"46"	2004	2013	10	1	"Australia"	152.6821	-27.3057	5080070390	7.04591735718	1.2427153883
"47"	2004	2013	10	1	"Australia"	152.8241	-26.79887	5080070390	7.04591735718	1.2427153883
"48"	2004	2013	10	1	"Australia"	152.6825	-26.9707	5080070390	7.04591735718	1.2427153883
"50"	2004	2013	10	1	"Australia"	152.5246	-26.8669	5080070390	7.04591735718	1.2427153883
"52"	2004	2013	10	1	"Australia"	152.0878	-27.4949	5080070390	7.04591735718	1.2427153883
"54"	2004	2013	10	1	"Australia"	152.2301	-27.86752	5080070390	7.04591735718	1.2427153883
"55"	2004	2013	10	1	"Australia"	152.3909	-27.85021	5080070390	7.04591735718	1.2427153883
"56"	2004	2013	10	0.9	"Australia"	152.377	-27.60235	5080070390	7.04591735718	1.2427153883
"57"	2004	2013	10	1	"Australia"	152.4784	-27.9886	5080070390	7.04591735718	1.2427153883
"58"	2004	2013	10	1	"Australia"	152.5596	-28.01237	5080070390	7.04591735718	1.2427153883
"59"	2004	2013	10	1	"Australia"	152.5095	-27.83204	5080070390	7.04591735718	1.2427153883
"60"	2004	2013	10	0.8	"Australia"	152.4614	-27.66316	5080070390	7.04591735718	1.2427153883
"61"	2004	2013	10	0.9	"Australia"	152.6003	-27.93221	5080070390	7.04591735718	1.2427153883
"62"	2004	2013	10	0.8	"Australia"	152.6898	-27.4997	5080070390	7.04591735718	1.2427153883
"64"	2004	2013	10	1	"Australia"	152.7319	-27.78081	5080070390	7.04591735718	1.2427153883
"65"	2004	2013	10	1	"Australia"	152.8905	-27.4407	5080070390	7.04591735718	1.2427153883
"67"	2004	2013	10	1	"Australia"	153.1121	-27.553	5080070390	7.04591735718	1.2427153883
"68"	2004	2013	10	1	"Australia"	152.9396	-27.59496	5080070390	7.04591735718	1.2427153883
"69"	2004	2013	10	1	"Australia"	153.0233	-27.6105	5080070390	7.04591735718	1.2427153883
"71"	2004	2013	10	1	"Australia"	152.7309	-26.8794	5080070390	7.04591735718	1.2427153883
"72"	2004	2013	10	1	"Australia"	152.9792	-27.6214	5080070390	7.04591735718	1.2427153883
"73"	2004	2013	10	1	"Australia"	152.6688	-27.62689	5080070390	7.04591735718	1.2427153883
"74"	2004	2013	10	1	"Australia"	152.715	-27.00615	5080070390	7.04591735718	1.2427153883
"75"	2004	2013	10	1	"Australia"	152.9901	-28.31903	5080070440	3.34772409884	0.351976350942
"77"	2004	2013	10	1	"Australia"	152.8594	-28.222	5080070440	3.34772409884	0.351976350942
"78"	2004	2013	10	1	"Australia"	152.8708	-28.0994	5080070440	3.34772409884	0.351976350942
"79"	2004	2013	10	1	"Australia"	152.8899	-28.2268	5080070440	3.34772409884	0.351976350942
"80"	2004	2013	10	1	"Australia"	153.0839	-28.29325	5080070440	3.34772409884	0.351976350942
"81"	2004	2013	10	1	"Australia"	152.9955	-28.2391	5080070440	3.34772409884	0.351976350942
"82"	2004	2013	10	1	"Australia"	152.9653	-27.98743	5080070440	3.34772409884	0.351976350942
"83"	2004	2013	10	1	"Australia"	152.9488	-27.9312	5080070440	3.34772409884	0.351976350942
"84"	2004	2013	10	1	"Australia"	153.0039	-27.8213	5080070440	3.34772409884	0.351976350942
"85"	2004	2013	10	1	"Australia"	153.0403	-28.2065	5080070440	3.34772409884	0.351976350942
"86"	2004	2013	10	1	"Australia"	153.0779	-28.0965	5080070440	3.34772409884	0.351976350942
"89"	2004	2013	10	0.9	"Australia"	152.6803	-28.1701	5080070440	3.34772409884	0.351976350942
"90"	2004	2013	10	1	"Australia"	152.532	-28.2146	5080070440	3.34772409884	0.351976350942
"91"	2004	2013	10	0.9	"Australia"	153.2076	-27.6632	5080070440	3.34772409884	0.351976350942
"92"	2004	2013	10	1	"Australia"	153.136	-27.64421	5080070440	3.34772409884	0.351976350942
"729"	2005	2013	9	1	"Maryland"	-77.30058	39.27393	7080041400	12.6972308055	3.16246138286
"730"	2004	2013	10	1	"Maryland"	-77.28867	39.20654	7080041400	12.6972308055	3.16246138286
"736"	2004	2013	10	1	"Maryland"	-77.25031	39.23413	7080041400	12.6972308055	3.16246138286
"737"	2004	2013	10	0.9	"Maryland"	-77.25737	39.22639	7080041400	12.6972308055	3.16246138286
"738"	2004	2013	10	1	"Maryland"	-77.25942	39.22258	7080041400	12.6972308055	3.16246138286
"745"	2004	2013	10	1	"Maryland"	-77.29368	39.23368	7080041400	12.6972308055	3.16246138286
"746"	2004	2013	10	1	"Maryland"	-77.31543	39.21938	7080041400	12.6972308055	3.16246138286
"757"	2004	2013	10	1	"Maryland"	-77.22398	39.04985	7080041400	12.6972308055	3.16246138286
"758"	2004	2013	10	1	"Maryland"	-77.20802	39.08718	7080041400	12.6972308055	3.16246138286
"763"	2004	2013	10	0.9	"OHIO"	-80.29407	40.69001	7080047060	169.753839043	347.390974244
"764"	2004	2013	10	0.9	"OHIO"	-80.29972	40.68778	7080047060	169.753839043	347.390974244
"765"	2004	2013	10	0.9	"OHIO"	-80.76328	39.9528	7080047060	169.753839043	347.390974244
"766"	2004	2013	10	0.9	"OHIO"	-82.28833	38.57667	7080047060	169.753839043	347.390974244
"767"	2004	2013	10	0.9	"OHIO"	-82.29111	38.5475	7080047060	169.753839043	347.390974244
"768"	2004	2013	10	0.9	"OHIO"	-82.97076	38.72912	7080047060	169.753839043	347.390974244
"769"	2004	2013	10	0.9	"OHIO"	-83.03	38.72556	7080047060	169.753839043	347.390974244
"770"	2004	2013	10	0.9	"OHIO"	-87.05778	37.82528	7080047060	169.753839043	347.390974244
"771"	2004	2013	10	0.9	"OHIO"	-87.06028	37.82056	7080047060	169.753839043	347.390974244
"772"	2004	2013	10	0.9	"OHIO"	-88.29389	37.44917	7080047060	169.753839043	347.390974244
"773"	2004	2013	10	0.9	"OHIO"	-88.34556	37.41556	7080047060	169.753839043	347.390974244
"789"	2004	2013	10	0.9	"Southwest"	-104.2597	34.47341	7080049270	73.7608475138	79.162037991
"790"	2004	2013	10	1	"Southwest"	-104.3986	33.39874	7080049270	73.7608475138	79.162037991
"791"	2004	2013	10	0.9	"Southwest"	-104.3563	33.28178	7080049270	73.7608475138	79.162037991
"793"	2004	2013	10	1	"Southwest"	-104.3174	32.98959	7080049270	73.7608475138	79.162037991
"794"	2004	2013	10	1	"Southwest"	-104.3239	32.84051	7080049270	73.7608475138	79.162037991
"795"	2004	2013	10	1	"Southwest"	-104.3499	32.59824	7080049270	73.7608475138	79.162037991
"796"	2005	2013	9	1	"Southwest"	-104.2005	34.40295	7080049270	73.7608475138	79.162037991
"797"	2004	2013	10	1	"Southwest"	-104.2746	33.93357	7080049270	73.7608475138	79.162037991
"799"	2004	2013	10	1	"Southwest"	-104.2951	33.81852	7080049270	73.7608475138	79.162037991
"800"	2004	2013	10	1	"Southwest"	-104.3063	33.75503	7080049270	73.7608475138	79.162037991
"802"	2004	2013	10	1	"Southwest"	-104.3718	33.57142	7080049270	73.7608475138	79.162037991
"803"	2004	2013	10	1	"Southwest"	-104.3789	33.45235	7080049270	73.7608475138	79.162037991
